name: brakenenv
channels:
  - conda-forge
  - bioconda
  - defaults
dependencies:
  - _libgcc_mutex=0.1=conda_forge
  - _openmp_mutex=4.5=1_gnu
  - blast=2.10.1=pl526he19e7b1_2
  - bracken=2.5.3=py37hc9558a2_0
  - bzip2=1.0.8=h516909a_3
  - c-ares=1.11.0=h470a237_1
  - ca-certificates=2020.6.20=hecda079_0
  - certifi=2020.6.20=py37he5f6b98_2
  - curl=7.71.1=he644dc0_8
  - entrez-direct=13.9=pl526h375a9b1_0
  - expat=2.2.9=he1b5a44_2
  - gettext=0.19.8.1=hf34092f_1004
  - kraken2=2.1.0=pl526hc9558a2_0
  - krb5=1.17.1=hfafb76e_3
  - ld_impl_linux-64=2.35=h769bd43_9
  - libcurl=7.71.1=hcdd3856_8
  - libedit=3.1.20191231=he28a2e2_2
  - libev=4.33=h516909a_1
  - libffi=3.2.1=he1b5a44_1007
  - libgcc-ng=9.3.0=h5dbcf3e_17
  - libgomp=9.3.0=h5dbcf3e_17
  - libidn2=2.3.0=h516909a_0
  - libnghttp2=1.41.0=hab1572f_1
  - libssh2=1.9.0=hab1572f_5
  - libstdcxx-ng=9.3.0=h2ae2ef3_17
  - libunistring=0.9.10=h14c3975_0
  - ncurses=6.2=he1b5a44_2
  - openssl=1.1.1h=h516909a_0
  - pcre=8.44=he1b5a44_0
  - perl=5.26.2=h516909a_1006
  - perl-app-cpanminus=1.7044=pl526_1
  - perl-archive-tar=2.32=pl526_0
  - perl-base=2.23=pl526_1
  - perl-business-isbn=3.004=pl526_0
  - perl-business-isbn-data=20140910.003=pl526_0
  - perl-carp=1.38=pl526_3
  - perl-common-sense=3.74=pl526_2
  - perl-compress-raw-bzip2=2.087=pl526he1b5a44_0
  - perl-compress-raw-zlib=2.087=pl526hc9558a2_0
  - perl-constant=1.33=pl526_1
  - perl-data-dumper=2.173=pl526_0
  - perl-digest-hmac=1.03=pl526_3
  - perl-digest-md5=2.55=pl526_0
  - perl-encode=2.88=pl526_1
  - perl-encode-locale=1.05=pl526_6
  - perl-exporter=5.72=pl526_1
  - perl-exporter-tiny=1.002001=pl526_0
  - perl-extutils-makemaker=7.36=pl526_1
  - perl-file-listing=6.04=pl526_1
  - perl-file-path=2.16=pl526_0
  - perl-file-temp=0.2304=pl526_2
  - perl-html-parser=3.72=pl526h6bb024c_5
  - perl-html-tagset=3.20=pl526_3
  - perl-html-tree=5.07=pl526_1
  - perl-http-cookies=6.04=pl526_0
  - perl-http-daemon=6.01=pl526_1
  - perl-http-date=6.02=pl526_3
  - perl-http-message=6.18=pl526_0
  - perl-http-negotiate=6.01=pl526_3
  - perl-io-compress=2.087=pl526he1b5a44_0
  - perl-io-html=1.001=pl526_2
  - perl-io-socket-ssl=2.066=pl526_0
  - perl-io-zlib=1.10=pl526_2
  - perl-json=4.02=pl526_0
  - perl-json-xs=2.34=pl526h6bb024c_3
  - perl-libwww-perl=6.39=pl526_0
  - perl-list-moreutils=0.428=pl526_1
  - perl-list-moreutils-xs=0.428=pl526_0
  - perl-lwp-mediatypes=6.04=pl526_0
  - perl-lwp-protocol-https=6.07=pl526_4
  - perl-mime-base64=3.15=pl526_1
  - perl-mozilla-ca=20180117=pl526_1
  - perl-net-http=6.19=pl526_0
  - perl-net-ssleay=1.88=pl526h90d6eec_0
  - perl-ntlm=1.09=pl526_4
  - perl-parent=0.236=pl526_1
  - perl-pathtools=3.75=pl526h14c3975_1
  - perl-scalar-list-utils=1.52=pl526h516909a_0
  - perl-socket=2.027=pl526_1
  - perl-storable=3.15=pl526h14c3975_0
  - perl-test-requiresinternet=0.05=pl526_0
  - perl-time-local=1.28=pl526_1
  - perl-try-tiny=0.30=pl526_1
  - perl-types-serialiser=1.0=pl526_2
  - perl-uri=1.76=pl526_0
  - perl-www-robotrules=6.02=pl526_3
  - perl-xml-namespacesupport=1.12=pl526_0
  - perl-xml-parser=2.44=pl526h4e0c4b3_7
  - perl-xml-sax=1.02=pl526_0
  - perl-xml-sax-base=1.09=pl526_0
  - perl-xml-sax-expat=0.51=pl526_3
  - perl-xml-simple=2.25=pl526_1
  - perl-xsloader=0.24=pl526_0
  - pip=20.2.4=py_0
  - popt=1.16=1
  - python=3.7.8=h6f2ec95_1_cpython
  - python_abi=3.7=1_cp37m
  - readline=8.0=he28a2e2_2
  - rsync=3.1.3=hed695b0_1002
  - setuptools=49.6.0=py37he5f6b98_2
  - sqlite=3.33.0=h4cf870e_1
  - tar=1.32=hd4ba37b_0
  - tk=8.6.10=hed695b0_1
  - wget=1.20.1=h22169c7_0
  - wheel=0.35.1=pyh9f0ad1d_0
  - xz=5.2.5=h516909a_1
  - zlib=1.2.11=h516909a_1010
prefix: /scratch/users/jsbaker/miniconda3/envs/brakenenv
